 -4.837920    
 -13.44700    
 -11.64710    
 -8.895650    
 -6.444780    
 -4.761520    
  100.0000    
 -8.244160    
 -12.29350    
 -5.594660    
 -3.296850    
 -8.782910    
 -9.292530    
 -5.001360    
  100.0000    
  100.0000    
 -20.40630    
 -7.559840    
 -6.032820    
 -13.72490    
 -5.575660    
 -2.113200    
 -4.600400    
  8.839790    
 -15.92500    
 -1.012990    
 -9.239690    
 -4.077010    
 -.1606100    
 -9.017450    
  100.0000    
  100.0000    
 -1.992210    
 -7.730030    
 -8.497610    
 -4.336240    
  3.286870    
 -8.807110    
 -12.36190    
 -3.213650    
 -9.583440    
 -3.918440    
 -3.350440    
 -.6605460    
 -10.47820    
 -4.377400    
  100.0000    
  100.0000    
 -7.162370    
 -13.95090    
 -9.898980    
 -3.731430    
 -12.13040    
 -8.786600    
 -16.75260    
 -3.963310    
 -10.36420    
  2.207230    
 -2.611570    
 -5.344050    
 -15.36200    
  100.0000    
  100.0000    
  100.0000    
  100.0000    
 -3.374310    
 -5.457020    
 -11.11770    
 -6.858160    
  5.761620    
 -13.35140    
 -2.243940    
 -2.925970    
 -17.49320    
 -4.574770    
 -9.504940    
 -6.137720    
  100.0000    
  100.0000    
  100.0000    
 -14.03360    
 -11.31460    
 -13.14600    
 0.4874630    
 -.7201670    
  5.405070    
  0.000000    
  0.000000    
  0.000000    
  0.000000    
  0.000000    
  0.000000    
  100.0000    
  100.0000    
  100.0000    
  100.0000    
  3.183100    
  16.73820    
  6.481340    
 -3.889880    
  100.0000    
 -7.121370    
  3.911510    
 -5.955770    
 -.7478960    
  4.806880    
  3.209990    
  100.0000    
  100.0000    
 -4.397680    
  100.0000    
  100.0000    
 -1.591590    
 -1.974430    
 -2.764840    
  5.638160    
  100.0000    
 -5.447130    
 -7.758610    
  5.706500    
  24.49090    
 -3.514910    
 -.5699050    
  2.823050    
 -15.49060    
  9.299460    
  100.0000    
  100.0000    
  11.06550    
  5.931710    
  16.42290    
 -5.903080    
 -17.29860    
  2.986700    
 -1.492580    
 -3.304100    
  4.441610    
  10.59640    
  2.917060    
  19.19420    
 -16.65870    
 -3.050510    
  100.0000    
  100.0000    
  2.761270    
  4.798580    
  7.560630    
 -4.054750    
  5.364980    
  2.201540    
  1.660310    
 -8.397860    
  3.591860    
  4.456700    
  4.343570    
 -4.538700    
 -11.41040    
  100.0000    
  100.0000    
  100.0000    
  2.018680    
  16.23440    
 -3.312130    
  3.314590    
 -14.34310    
  16.47020    
 -1.393820    
  7.980240    
  9.987740    
  12.86720    
  4.355580    
  2.251380    
  3.314390    
  100.0000    
  100.0000    
  100.0000    
 -37.92310    
 -16.82240    
  8.005580    
 -1.523300    
 -4.316760    
 -1.102530    
  100.0000    
  100.0000    
  100.0000    
  100.0000    
  100.0000    
  100.0000    
  100.0000    
  100.0000    
  100.0000    
  100.0000    
 -39.91600    
 -29.50640    
 -20.32310    
  1.752020    
  100.0000    
 -22.14760    
 -13.74260    
  100.0000    
 -20.75420    
 -12.67690    
 -11.78070    
 -17.91870    
 -19.97000    
 -4.854470    
  100.0000    
  100.0000    
 -6.009800    
  100.0000    
 -12.84990    
 -19.67860    
 -2.159110    
 -16.00990    
 -12.16380    
 -24.62180    
  100.0000    
 -.7740400    
 -5.095420    
  4.737400    
 -2.162910    
 -4.864060    
  100.0000    
  100.0000    
 -9.059670    
 -13.33730    
 -8.806630    
 -.5381510    
 -6.687650    
 -6.165170    
 -10.99160    
  1.288850    
 -10.94080    
  1.186010    
 -17.75020    
 -6.204980    
 -10.70000    
 -11.23190    
  100.0000    
  100.0000    
 -22.90880    
 -19.11840    
 -6.969320    
 -6.998840    
 -12.48620    
 -10.91230    
 -12.17950    
 -5.782410    
  3.674860    
 -19.96970    
 -20.37460    
 -7.895100    
 -22.07480    
  100.0000    
  100.0000    
  100.0000    
 -8.324650    
 -16.54380    
  7.410830    
 -8.787790    
 -20.42950    
 -19.51870    
 -24.28870    
 -11.08750    
 -14.36540    
 -5.044010    
 -10.52710    
 -7.526270    
 -7.223760    
  100.0000    
  100.0000    
  100.0000    
 -20.50930    
 -17.38410    
 -32.05870    
 -29.22320    
 -19.05950    
 -18.75280    
  0.000000    
  0.000000    
  0.000000    
  0.000000    
  0.000000    
  0.000000    
  100.0000    
  100.0000    
  100.0000    
  100.0000    
 -12.17910    
 -13.71880    
 -11.04910    
  100.0000    
  1.574130    
 -.7192000    
 -3.894680    
  100.0000    
 -4.446780    
  5.433570    
  4.891520    
  14.29260    
 -5.070180    
 -2.529010    
  100.0000    
  100.0000    
 -6.756140    
  100.0000    
 -3.828340    
 -5.236760    
 -1.839670    
 -9.646240    
 -4.423760    
 0.3492510    
  8.123000    
  100.0000    
 -4.170490    
  6.344500    
 -1.011220    
  4.625510    
  100.0000    
  100.0000    
  15.74900    
  5.997360    
  9.474950    
 0.7026230E-02
  23.38180    
  100.0000    
  9.332390    
  9.683210    
  7.605810    
  16.90110    
  15.32460    
  13.40710    
 0.6760840    
  2.450740    
  100.0000    
  100.0000    
  100.0000    
  7.649030    
 -5.986810    
 -3.827370    
  3.755220    
  1.111020    
  20.55140    
  10.30380    
  14.62330    
  7.187610    
  2.621660    
  5.218340    
  16.17290    
  100.0000    
  100.0000    
  100.0000    
  20.23460    
  16.35740    
  19.29250    
 -1.399010    
  34.22910    
  24.77650    
  29.04760    
  13.81520    
  23.05250    
  15.48920    
 -2.469230    
  12.65850    
  16.61100    
  100.0000    
  100.0000    
  100.0000    
  8.566550    
  37.49480    
  7.781250    
  5.816060    
  52.79790    
  16.04590    
  100.0000    
  100.0000    
  100.0000    
  100.0000    
  100.0000    
  100.0000    
  100.0000    
  100.0000    
  100.0000    
  100.0000    
  100.0000    
 -10.40860    
 -7.254700    
 -12.06060    
 -11.16390    
 -14.43050    
 -22.59130    
 -4.099970    
 -17.64420    
 -16.58320    
 -9.163560    
 -25.61660    
 -23.13140    
  100.0000    
  100.0000    
  100.0000    
 -27.84920    
  100.0000    
 -33.55990    
 -47.67380    
 -36.50280    
 -13.94150    
 -38.57740    
 -27.90310    
 -11.53920    
 -84.47450    
 -13.52360    
  100.0000    
 -17.28870    
 -22.40740    
  100.0000    
  100.0000    
 -35.62280    
 -18.39050    
 -18.70880    
 -12.06170    
 -24.42490    
 -7.674830    
 -.7845380    
 -19.79650    
 -29.12930    
 -14.72500    
 -8.016310    
 -16.75690    
 -19.93330    
 -43.85960    
  100.0000    
  100.0000    
 -18.68700    
 -27.48040    
 -13.14190    
 -59.55490    
 -24.52950    
 -21.73150    
 -12.71360    
  100.0000    
 -10.35780    
 -9.246490    
  100.0000    
 -25.75790    
 -52.30110    
  100.0000    
  100.0000    
  100.0000    
 -20.08380    
 -25.94810    
 0.8933080    
 -15.45720    
 -22.39890    
 -70.04450    
 -50.57100    
 -22.76220    
 -16.68170    
 -31.80680    
 -23.04270    
 -19.49080    
 -32.67200    
  100.0000    
  100.0000    
  100.0000    
 -20.80650    
 -10.26920    
 -24.04070    
 -8.487560    
 -17.50830    
  100.0000    
  0.000000    
  0.000000    
  0.000000    
  100.0000    
  0.000000    
  0.000000    
  100.0000    
  100.0000    
  100.0000    
  100.0000    
  5.387010    
  10.63680    
  6.197710    
  6.154040    
 -9.387240    
  11.64740    
 -5.150320    
  12.94300    
  17.91400    
  13.28340    
 -4.726030    
  6.574680    
 -2.675010    
  21.41980    
  100.0000    
  100.0000    
 -14.53010    
  1.578010    
 -2.109210    
 -5.912620    
 -6.462200    
 -4.422370    
  16.00650    
  25.67360    
  11.91670    
  31.14500    
  2.937960    
  23.91730    
  31.71750    
  18.18960    
  100.0000    
  100.0000    
 -.7487850E-01
  100.0000    
  6.883520    
  24.46980    
  2.002460    
  100.0000    
  100.0000    
 -3.622820    
 -3.721660    
  100.0000    
 -2.774280    
  3.637910    
  8.097400    
 -8.464240    
  100.0000    
  100.0000    
  16.01680    
  1.997170    
  17.24540    
  12.05140    
  23.06640    
  35.13810    
  21.59260    
 0.1456510E-01
 0.5022220    
  48.66170    
  15.58180    
 0.2543690    
  18.85400    
  100.0000    
  100.0000    
  100.0000    
 -3.363580    
  3.836670    
  16.79730    
  7.535800    
 0.8894420    
  29.55690    
  11.68420    
  100.0000    
  22.53570    
  18.52900    
  28.00360    
 -1.035950    
  2.816990    
  100.0000    
  100.0000    
  100.0000    
  40.43090    
  21.16430    
  55.18840    
  100.0000    
  44.77320    
  22.70700    
  100.0000    
  100.0000    
  100.0000    
  100.0000    
  100.0000    
  100.0000    
  100.0000    
  100.0000    
  100.0000    
  100.0000    
 -18.78270    
 -15.72060    
 -20.21110    
  6.123640    
 -25.69030    
 -44.52540    
 -5.180510    
 -5.653940    
 0.2063600    
 -26.63450    
 -11.74730    
 -8.572150    
 -15.56680    
 -14.74040    
  100.0000    
  100.0000    
 -31.58610    
 -10.70020    
 -5.842960    
 -34.64910    
 -4.965840    
 -.3130690E-01
 -24.30770    
 -9.343900    
 -6.971210    
 -14.82990    
 -5.295640    
  10.28330    
 -13.78980    
  1.075840    
  100.0000    
  100.0000    
 -23.96860    
 -14.91300    
 -20.25440    
  100.0000    
 -28.59190    
 -17.66360    
 -8.972140    
 -6.188760    
  1.219920    
 -21.95820    
 -25.87440    
 -9.782290    
 -29.57940    
 -27.50550    
  100.0000    
  100.0000    
 -19.86970    
 -33.46090    
 -24.75320    
 -44.57820    
 -.5723320    
 -25.64610    
 -61.45800    
  100.0000    
 -4.356800    
 -13.51090    
 -9.442710    
 -34.50650    
 -22.78840    
  100.0000    
  100.0000    
  100.0000    
 -15.57610    
 -3.949900    
 -30.84590    
  100.0000    
 -15.23870    
 -41.63470    
 -41.77870    
 -20.66340    
 -21.93130    
  1.661790    
 -4.926080    
 -4.092630    
 -21.44420    
  100.0000    
  100.0000    
  100.0000    
  3.494000    
 -32.51920    
 -17.57370    
 -10.89120    
 -41.25290    
 -16.01700    
  0.000000    
  0.000000    
  0.000000    
  0.000000    
  0.000000    
  0.000000    
  100.0000    
  100.0000    
  100.0000    
  100.0000    
  10.21140    
  29.97130    
  1.688820    
 -1.398250    
  24.17480    
  5.827240    
  8.183520    
  4.518480    
  4.750590    
  5.344730    
  11.47320    
  15.51880    
  15.83560    
  16.16400    
  100.0000    
  100.0000    
  100.0000    
  19.60550    
  23.03170    
  29.09900    
  10.93450    
 -4.292370    
  100.0000    
  9.879430    
  10.53170    
  11.45210    
  5.934930    
  5.567430    
  10.43700    
  20.95970    
  100.0000    
  100.0000    
  12.61520    
  100.0000    
  7.098540    
 -5.246170    
  16.73400    
  20.91200    
  23.34320    
  11.94830    
  7.456760    
  13.71690    
  21.59030    
  4.867590    
  19.41650    
  22.22530    
  100.0000    
  100.0000    
  23.72250    
  38.06260    
  21.03680    
 -3.128650    
  18.70000    
  29.16950    
  16.63130    
  5.359750    
  18.11890    
  33.21110    
  33.04510    
  25.95370    
  13.01540    
  100.0000    
  100.0000    
  100.0000    
  23.97360    
  16.22910    
  23.12160    
  20.59670    
  21.60310    
  43.20450    
  11.13520    
  19.84930    
  50.73420    
  38.56270    
  5.444090    
  9.297460    
 -8.759830    
  100.0000    
  100.0000    
  100.0000    
  6.890980    
  15.42700    
  100.0000    
  24.49090    
  9.103670    
  63.05890    
  100.0000    
  100.0000    
  100.0000    
  100.0000    
  100.0000    
  100.0000    
  100.0000    
  100.0000    
  100.0000    
  100.0000    
 -12.95480    
 -17.71190    
 -18.79450    
 -.6328970    
 -9.319070    
  1.634290    
  1.225750    
 -4.625680    
 -10.30140    
 -9.995510    
 -2.503130    
 -6.129420    
 -6.888930    
 -8.428320    
  100.0000    
  100.0000    
 -8.793790    
 -18.13240    
 -9.014520    
 -8.469130    
 -2.030340    
  100.0000    
 -12.19530    
  6.377380    
 -4.493930    
 -2.413280    
 0.1543430    
 -7.521090    
 -14.68680    
 -7.953810    
  100.0000    
  100.0000    
 -17.68580    
 -4.273820    
  100.0000    
 -6.764210    
 -2.163790    
 -4.159630    
  4.388610    
 0.4562180    
 -4.550870    
  17.26870    
 -6.899520    
 -5.357080    
  7.218710    
 -.1041310    
  100.0000    
  100.0000    
  100.0000    
 -8.474560    
 -4.407300    
  2.578800    
 -1.406370    
  100.0000    
 -5.512180    
 -11.78360    
  7.136030    
 -19.39770    
 0.3741470    
 -10.82290    
 -33.80900    
  100.0000    
  100.0000    
  100.0000    
  100.0000    
  100.0000    
  8.964860    
  100.0000    
 -28.35640    
 -26.19870    
 -13.55050    
 -2.355720    
  2.072150    
 -23.43230    
 -9.743070    
 -8.005280    
 -3.513790    
  100.0000    
  100.0000    
  100.0000    
  2.674780    
  6.580860    
 -17.56880    
 -4.363350    
 -29.26010    
 -24.33510    
  0.000000    
  0.000000    
  0.000000    
  0.000000    
  0.000000    
  0.000000    
  100.0000    
  100.0000    
  100.0000    
  100.0000    
  6.787690    
  17.49270    
  4.268990    
  16.43850    
 -7.087270    
 -2.381290    
  5.385440    
 -7.841190    
  15.57790    
 -6.381500    
 -5.229950    
 -8.913020    
 -7.207580    
 -11.63860    
  100.0000    
  100.0000    
  5.580080    
 -2.249260    
 -4.932660    
  9.973920    
  21.85360    
  5.117970    
 -3.379680    
 -1.662930    
  3.276820    
 -6.706890    
  2.573210    
 -.5778700    
 -.9875720    
  3.832420    
  100.0000    
  100.0000    
  1.539760    
  21.89700    
  5.280240    
  12.65620    
  17.50060    
  3.924940    
 -14.77010    
  17.63320    
  1.097570    
  2.615680    
  4.970450    
  3.306220    
  9.675620    
  2.451450    
  100.0000    
  100.0000    
 -3.081480    
  28.99620    
  2.856350    
 -6.607780    
  8.153060    
 -14.13910    
  1.815150    
 -9.093730    
 -25.63950    
  1.841800    
 -2.119800    
 0.8429580    
  9.971950    
  100.0000    
  100.0000    
  100.0000    
 0.6790520    
  2.470140    
 -10.52520    
  2.283380    
  100.0000    
  10.46580    
  100.0000    
 -18.48440    
  18.36500    
  7.170970    
  5.997920    
 -12.05910    
  5.858230    
  100.0000    
  100.0000    
  100.0000    
  3.209890    
  100.0000    
 -5.953350    
 -3.638750    
  58.09320    
  100.0000    
  100.0000    
  100.0000    
  100.0000    
  100.0000    
  100.0000    
  100.0000    
  100.0000    
  100.0000    
  100.0000    
  100.0000    
 -8.712120    
 -.7756310    
 -11.48830    
 -6.968830    
 -7.505910    
 -.8504870    
 -9.180780    
 -11.26790    
 -4.566680    
 -6.206240    
 -11.78450    
 -6.988700    
 -5.854170    
  7.175760    
  100.0000    
  100.0000    
 -18.90010    
 -7.703910    
  100.0000    
 -5.211540    
 -7.226150    
 -11.19190    
  2.115640    
 -6.061830    
 -2.630530    
 -17.87000    
 -11.98630    
  5.282810    
 -.4183290    
 -8.256120    
  100.0000    
  100.0000    
 -6.652250    
 -7.869330    
  2.144200    
 -8.166750    
  1.730020    
 -2.999620    
 -5.073480    
  100.0000    
 -11.35830    
 0.9399190E-02
 -2.100540    
  6.918450    
 -14.50720    
 -9.343290    
  100.0000    
  100.0000    
 -7.031440    
 -.1541760    
 -13.53660    
 -10.96010    
 -8.265480    
 -1.729900    
 -4.692450    
 -3.933800    
 -2.179240    
  100.0000    
  100.0000    
 -9.591050    
 -5.069570    
  100.0000    
  100.0000    
  100.0000    
  14.50490    
  100.0000    
 0.3535730    
  5.353550    
 -1.748780    
 -6.124950    
 -13.15980    
 -20.08810    
 -1.808640    
 -4.092570    
  7.628030    
 -5.299500    
  100.0000    
  100.0000    
  100.0000    
  100.0000    
 -21.31000    
 -19.32680    
 -12.25760    
  2.288060    
 -1.055120    
  100.0000    
  0.000000    
  0.000000    
  0.000000    
  0.000000    
  0.000000    
  0.000000    
  100.0000    
  100.0000    
  100.0000    
  100.0000    
  14.06650    
  4.299880    
  4.506550    
 -5.737810    
 -5.761590    
 -2.733840    
  1.920500    
 -15.20960    
  9.508000    
  9.022700    
  4.096940    
  19.03890    
 -3.146280    
  3.887130    
  100.0000    
  100.0000    
 -2.522250    
 -6.911650    
 -5.587790    
 -2.625580    
 -16.65220    
 -4.072520    
 -2.057100    
  8.398950    
 -7.747230    
 -17.01330    
 -1.596220    
  1.347130    
  4.695870    
 -1.151420    
  100.0000    
  100.0000    
  20.35410    
  16.61050    
  4.967080    
 -1.155000    
 0.1518690    
  100.0000    
  1.420980    
 -2.042480    
  9.519950    
 -6.277530    
  5.859870    
  25.20440    
  4.360490    
 -.1525610    
  100.0000    
  100.0000    
  7.873550    
  100.0000    
 -2.779040    
 0.6368180    
  17.15300    
  8.066080    
  1.293600    
  13.10000    
  8.097090    
  3.001260    
  3.052620    
 -7.104160    
  100.0000    
  100.0000    
  100.0000    
  100.0000    
  17.32310    
  11.29890    
 -6.250960    
  4.476650    
  6.163330    
  6.907590    
  3.081380    
 0.3670070    
  5.135620    
  13.92210    
  100.0000    
 -.6506300    
 0.9853990    
  100.0000    
  100.0000    
  100.0000    
  100.0000    
  100.0000    
 -4.174580    
  100.0000    
  100.0000    
 -8.251390    
  100.0000    
  100.0000    
  100.0000    
  100.0000    
  100.0000    
  100.0000    
  100.0000    
  100.0000    
  100.0000    
  100.0000    
 -22.46030    
 -16.50400    
 -26.98210    
 -5.286120    
  1.981060    
 -10.12130    
 -4.975720    
  100.0000    
 -5.982260    
 -11.07580    
 -18.37150    
 -8.378790    
 -15.78400    
 -5.560670    
  100.0000    
  100.0000    
 -17.61330    
 -12.13000    
 -14.90960    
 -25.46730    
 -3.475550    
 -4.466190    
 -10.47850    
 0.3758070    
 -5.159350    
 -16.10990    
  100.0000    
 0.6815060    
 -8.737370    
 -11.40360    
  100.0000    
  100.0000    
 -6.957690    
 -12.12110    
 -5.324490    
 -6.590450    
  12.41560    
 -.5637700    
 -5.783940    
 -1.947260    
 -10.49840    
 -2.258070    
 -1.531620    
 -5.891030    
 -6.909910    
 -20.84380    
  100.0000    
  100.0000    
  3.275120    
  1.251370    
 -4.596300    
 -8.061800    
 0.7310180    
 -6.028570    
 -5.422230    
 -11.24410    
 -8.388780    
 -8.949900    
  100.0000    
 -16.37980    
 -23.04200    
  100.0000    
  100.0000    
  100.0000    
 -7.678730    
 -12.61570    
 -9.210220    
 -3.513240    
 -19.41720    
 -9.144620    
 -2.414320    
 0.6234550    
 -1.063420    
  100.0000    
 -9.440320    
 -6.702420    
 -6.426930    
  100.0000    
  100.0000    
  100.0000    
  9.508640    
 -2.398770    
 -11.85180    
 -13.08750    
 -11.70560    
 -6.803700    
  0.000000    
  0.000000    
  0.000000    
  0.000000    
  100.0000    
  0.000000    
  100.0000    
  100.0000    
  100.0000    
  100.0000    
 -5.430440    
  4.261210    
  6.604550    
 -2.953090    
 -18.04900    
 -3.371560    
  10.71040    
  10.70780    
 -9.664790    
  5.603350    
  15.46830    
 -.9657280    
  8.001640    
 -3.183090    
  100.0000    
  100.0000    
  6.853970    
  10.99140    
 -10.54220    
  4.279530    
 0.4332470    
  2.015680    
 0.4235700    
 -2.770430    
  12.10090    
  11.80700    
  6.188500    
  5.791870    
  5.044530    
  28.41740    
  100.0000    
  100.0000    
  3.816700    
 0.6750290    
  8.127010    
  5.466370    
  6.827040    
 -7.277020    
  5.987560    
  2.349940    
  8.631930    
  4.913110    
  4.618340    
 -1.644960    
  10.13190    
  10.68670    
  100.0000    
  100.0000    
 -5.202830    
 -1.728430    
  4.925050    
  13.09100    
  3.834160    
  5.262040    
  1.761100    
  1.609800    
  5.035680    
  12.32130    
  26.70000    
  22.57060    
  51.03320    
  100.0000    
  100.0000    
  100.0000    
  15.04550    
  29.69250    
  2.127050    
  10.56890    
  25.82330    
  6.909290    
  8.721000    
 -9.538700    
  13.31240    
  16.91140    
  14.22410    
  17.20700    
  8.211660    
  100.0000    
  100.0000    
  100.0000    
  15.44800    
  14.89660    
  21.62280    
  9.519410    
  6.364200    
  100.0000    
  100.0000    
  100.0000    
  100.0000    
  100.0000    
  100.0000    
  100.0000    
  100.0000    
  100.0000    
  100.0000    
  100.0000    
 -7.396690    
 -2.023900    
 -11.81010    
 -12.89760    
 -13.83020    
  1.391850    
 0.3480810    
 -9.586340    
 -6.835290    
 -8.545280    
 -5.074610    
 -9.809970    
 -7.398670    
 -10.69530    
  100.0000    
  100.0000    
 0.4066060    
  100.0000    
 -8.206510    
 -29.31930    
 -.8616010    
 -8.829500    
 -11.28960    
  100.0000    
 -4.134190    
 -1.554160    
 0.8078410    
  5.023500    
 -3.302410    
 -11.33650    
  100.0000    
  100.0000    
 -12.61370    
 -7.029140    
  8.700850    
 -3.160390    
 -5.815550    
 -8.823090    
  7.255940    
  1.685990    
 -.1062840E-02
 -9.275860    
 -10.83250    
 -6.522730    
 -4.218500    
 -5.817350    
  100.0000    
  100.0000    
 -14.78590    
 -13.86600    
 -17.86050    
 -8.824890    
 -12.41440    
 -15.62560    
 -10.67020    
 -5.738770    
 -7.113700    
 -10.61690    
 -17.26590    
 -10.16960    
 -13.30840    
  100.0000    
  100.0000    
  100.0000    
  7.617030    
 -20.63770    
 0.9737780    
 -2.004490    
  2.806470    
  1.412910    
 -15.49630    
 -21.16620    
 -36.18980    
 0.1114910    
  18.78580    
  100.0000    
 -14.49900    
  100.0000    
  100.0000    
  100.0000    
 -12.50030    
 -18.53570    
 -36.46360    
 -14.66780    
 -5.921840    
 0.3638370    
  0.000000    
  0.000000    
  100.0000    
  0.000000    
  0.000000    
  0.000000    
  100.0000    
  100.0000    
  100.0000    
  100.0000    
  2.041580    
  4.428570    
  6.913160    
  4.465120    
  9.359040    
  4.754300    
  15.57120    
  3.402920    
  2.940330    
  6.970500    
 -23.76960    
  23.25720    
  22.18560    
  3.753580    
  100.0000    
  100.0000    
  2.778660    
  11.82840    
  2.273750    
  18.91230    
  1.989380    
  14.46400    
  33.02690    
  100.0000    
  25.31810    
  7.417580    
  1.357170    
  10.82210    
  3.300360    
  12.80260    
  100.0000    
  100.0000    
 -2.452990    
  1.425240    
  6.357920    
  7.615910    
  2.484960    
 -.6080660    
  4.785530    
  4.087630    
  9.134520    
  12.79330    
  62.09480    
  6.974460    
  3.073520    
  7.592620    
  100.0000    
  100.0000    
  19.39860    
  7.533440    
  18.75570    
  13.78880    
  7.397980    
  20.58930    
  2.998680    
  13.91040    
 -1.134150    
  35.76640    
  100.0000    
  1.783420    
  17.28730    
  100.0000    
  100.0000    
  100.0000    
 -14.12680    
  21.35110    
  5.085110    
 -10.76870    
  6.909610    
 -6.226120    
  30.64320    
  8.041730    
 -4.418000    
 -18.64150    
  18.62120    
  23.88660    
  17.31350    
  100.0000    
  100.0000    
  100.0000    
  100.0000    
  7.213870    
  100.0000    
  100.0000    
  100.0000    
 -7.058610    
  100.0000    
  100.0000    
  100.0000    
  100.0000    
  100.0000    
  100.0000    
  100.0000    
  100.0000    
  100.0000    
  100.0000    
