       1
 1   304   1
 2   302   1
 3   300   1
 4   298   1
 5   239   1
 6   237   1
 7   235   1
 8   233   1
 9   181   1
10   179   1
11   177   1
12   175   1
13   128   1
14   126   1
15   124   1
16   122   1
       2
 1   312   1
 2   310   1
 3   308   1
 4   306   1
 5   247   1
 6   245   1
 7   243   1
 8   241   1
 9    80   1
10    78   1
11    76   1
12    74   1
13    39   1
14    37   1
15    35   1
16    33   1
       3
 1     0   1
 2     0   1
 3     0   1
 4     0   1
 5   183   1
 6   133   1
 7   132   1
 8   130   1
 9   256   1
10   254   1
11   252   1
12   250   1
13   191   1
14   189   1
15   187   1
16   185   1
       4
 1    48   1
 2    46   1
 3    44   1
 4    42   1
 5     7   1
 6     5   1
 7     3   1
 8     1   1
 9   141   1
10   139   1
11   137   1
12   135   1
13    88   1
14    86   1
15    84   1
16    82   1
       5
 1   264   1
 2   262   1
 3   260   1
 4   258   1
 5   199   1
 6   197   1
 7   195   1
 8   193   1
 9   149   1
10   147   1
11   145   1
12   143   1
13    96   1
14    94   1
15    92   1
16    90   1
       6
 1    56   1
 2    54   1
 3    52   1
 4    11   -1
 5    50   1
 6    15   1
 7    13   1
 8     9   1
 9   272   1
10   270   1
11   268   1
12   266   1
13   207   1
14   205   1
15   203   1
16   201   1
       7
 1   301   1
 2   303   1
 3   305   -1
 4   299   1
 5   240   1
 6   238   1
 7   236   1
 8   234   1
 9   180   1
10   178   1
11   176   1
12   174   1
13   127   1
14   125   1
15   123   1
16   121   1
       8
 1    79   1
 2    77   1
 3    75   1
 4    41   1
 5    40   1
 6    38   1
 7    36   1
 8    34   1
 9   184   1
10   182   1
11   131   1
12   129   1
13     0   1
14     0   1
15     0   1
16     0   1
       9
 1   297   1
 2   295   1
 3   293   -2
 4   291   1
 5   232   1
 6   230   1
 7   228   1
 8   226   1
 9    73   1
10    71   1
11    69   1
12    67   1
13    32   1
14    30   1
15    28   1
16    26   1
      10
 1   172   1
 2   170   1
 3   168   1
 4   166   1
 5   119   1
 6   117   1
 7   115   1
 8   113   1
 9   289   1
10   287   1
11   285   1
12   283   1
13   224   1
14   222   1
15   220   1
16   218   1
      11
 1   311   1
 2   309   1
 3   307   1
 4   249   1
 5   248   1
 6   246   1
 7   244   1
 8   242   1
 9   140   1
10   138   1
11   136   1
12   134   1
13    87   1
14    85   1
15    83   1
16    81   1
      12
 1    65   1
 2    63   1
 3    61   1
 4    59   1
 5    24   1
 6    22   1
 7    20   1
 8    18   1
 9   164   1
10   162   1
11   160   1
12   158   1
13   111   1
14   109   1
15   107   1
16   105   1
      13
 1   157   1
 2   155   1
 3   153   1
 4   151   1
 5   104   1
 6   102   1
 7   100   1
 8    98   1
 9   280   1
10   278   1
11   276   1
12   274   1
13   215   1
14   213   1
15   211   1
16   209   -1
      14
 1    64   1
 2    62   1
 3    60   1
 4    58   1
 5    23   1
 6    21   1
 7    19   1
 8    17   1
 9   165   1
10   163   1
11   161   1
12   159   1
13   112   1
14   110   1
15   108   1
16   106   1
      15
 1   288   1
 2   286   1
 3   284   1
 4   282   1
 5   223   1
 6   221   1
 7   219   1
 8   217   1
 9   296   1
10   294   1
11   292   1
12   290   1
13   231   1
14   229   1
15   227   1
16   225   1
      16
 1   173   -1
 2   171   1
 3   169   1 
 4   167   1
 5   120   1
 6   118   1
 7   116   1
 8   114   1
 9    72   1
10    70   1
11    68   1
12    66   1
13    31   1
14    29   1
15    27   1
16    25   1
      17
 1   257   1
 2   255   1
 3   253   1
 4   251   1
 5   192   1
 6   190   1
 7   188   1
 8   186   1
 9    49   1
10    47   1
11    45   1
12    43   1
13     8   1
14     6   1
15     4   1
16     2   1
      18
 1   156   1
 2   154   1
 3   152   1
 4   150   1
 5   103   1
 6   101   1
 7    99   1
 8    97   1
 9   281   1
10   279   1
11   277   1
12   275   1
13   216   1
14   214   1
15   212   1
16   210   1
      19
 1   263   1
 2   265   1
 3   261   1
 4   259   1
 5   200   1
 6   198   1
 7   196   1
 8   194   1
 9   148   1
10   146   1
11   144   1
12   142   1
13    95   1
14    93   1
15    91   1
16    89   1
      20
 1   273   -1
 2   271   1
 3   269   1
 4   267   1
 5   208   1
 6   206   1
 7   204   1
 8   202   1
 9    57   1
10    55   1
11    53   1
12    51   1
13    16   1
14    14   1
15    12   1
16    10   1
