1  0.0200000  0.980000
2  0.0200000  0.980000
3  0.0200000  0.980000
4  0.0200000  0.980000
5  0.0200000  0.980000
6  0.0200000  0.980000
7  0.0200000  0.980000
8  0.0200000  0.980000
9  0.0200000  0.980000
10  0.0200000  0.980000
11  0.0200000  0.980000
12  0.0200000  0.980000
13  0.0200000  0.980000
14  0.0200000  0.980000
15  0.0200000  0.980000
16  0.0200000  0.980000
17  0.0200000  0.980000
18  0.0200000  0.980000
19  0.0200000  0.980000
20  0.0200000  0.980000
21  0.0200000  0.980000
22  0.0200000  0.980000
23  0.0200000  0.980000
24  0.0200000  0.980000
25  0.0200000  0.980000
26  0.0200000  0.980000
27  0.0200000  0.980000
28  0.0200000  0.980000
29  0.0200000  0.980000
30  0.0200000  0.980000
31  0.0200000  0.980000
32  0.0200000  0.980000
33  0.0200000  0.980000
34  0.0200000  0.980000
35  0.0200000  0.980000
36  0.0200000  0.980000
37  0.0200000  0.980000
38  0.0200000  0.980000
39  0.0200000  0.980000
40  0.0200000  0.980000
41  0.0200000  0.980000
42  0.0200000  0.980000
43  0.0200000  0.980000
44  0.0200000  0.980000
45  0.0200000  0.980000
46  0.0200000  0.980000
47  0.0200000  0.980000
48  0.0200000  0.980000
49  0.0200000  0.980000
50  0.0200000  0.980000
51  0.0200000  0.980000
52  0.0200000  0.980000
53  0.0200000  0.980000
54  0.0200000  0.980000
55  0.0200000  0.980000
56  0.0200000  0.980000
57  0.0200000  0.980000
58  0.0200000  0.980000
59  0.0200000  0.980000
60  0.0200000  0.980000
61  0.0200000  0.980000
62  0.0200000  0.980000
63  0.0200000  0.980000
64  0.0200000  0.980000
65  0.0200000  0.980000
66  0.0200000  0.980000
67  0.0200000  0.980000
68  0.0200000  0.980000
69  0.0200000  0.980000
70  0.0200000  0.980000
71  0.0200000  0.980000
72  0.0200000  0.980000
73  0.0200000  0.980000
74  0.0200000  0.980000
75  0.0200000  0.980000
76  0.0200000  0.980000
77  0.0200000  0.980000
78  0.0200000  0.980000
79  0.0200000  0.980000
80  0.0200000  0.980000
81  0.0200000  0.980000
82  0.0200000  0.980000
83  0.0200000  0.980000
84  0.0200000  0.980000
85  0.0200000  0.980000
86  0.0200000  0.980000
87  0.0200000  0.980000
88  0.0200000  0.980000
89  0.0200000  0.980000
90  0.0200000  0.980000
91  0.0200000  0.980000
92  0.0200000  0.980000
93  0.0200000  0.980000
94  0.0200000  0.980000
95  0.0200000  0.980000
96  0.0200000  0.980000
97  0.0200000  0.980000
98  0.0200000  0.980000
99  0.0200000  0.980000
100  0.0200000  0.980000
101  0.0200000  0.980000
102  0.0200000  0.980000
103  0.0200000  0.980000
104  0.0200000  0.980000
105  0.0200000  0.980000
106  0.0200000  0.980000
107  0.0200000  0.980000
108  0.0200000  0.980000
109  0.0200000  0.980000
110  0.0200000  0.980000
111  0.0200000  0.980000
112  0.0200000  0.980000
113  0.0200000  0.980000
114  0.0200000  0.980000
115  0.0200000  0.980000
116  0.0200000  0.980000
117  0.0200000  0.980000
118  0.0200000  0.980000
119  0.0200000  0.980000
120  0.0200000  0.980000
121  0.0200000  0.980000
122  0.0200000  0.980000
123  0.0200000  0.980000
124  0.0200000  0.980000
125  0.0200000  0.980000
126  0.0200000  0.980000
127  0.0200000  0.980000
128  0.0200000  0.980000
129  0.0200000  0.980000
130  0.0200000  0.980000
131  0.0200000  0.980000
132  0.0200000  0.980000
133  0.0200000  0.980000
134  0.0200000  0.980000
135  0.0200000  0.980000
136  0.0200000  0.980000
137  0.0200000  0.980000
138  0.0200000  0.980000
139  0.0200000  0.980000
140  0.0200000  0.980000
141  0.0200000  0.980000
142  0.0200000  0.980000
143  0.0200000  0.980000
144  0.0200000  0.980000
145  0.0200000  0.980000
146  0.0200000  0.980000
147  0.0200000  0.980000
148  0.0200000  0.980000
149  0.0200000  0.980000
150  0.0200000  0.980000
151  0.0200000  0.980000
152  0.0200000  0.980000
153  0.0200000  0.980000
154  0.0200000  0.980000
155  0.0200000  0.980000
156  0.0200000  0.980000
157  0.0200000  0.980000
158  0.0200000  0.980000
159  0.0200000  0.980000
160  0.0200000  0.980000
161  0.0200000  0.980000
162  0.0200000  0.980000
163  0.0200000  0.980000
164  0.0200000  0.980000
165  0.0200000  0.980000
166  0.0200000  0.980000
167  0.0200000  0.980000
168  0.0200000  0.980000
169  0.0200000  0.980000
170  0.0200000  0.980000
171  0.0200000  0.980000
172  0.0200000  0.980000
173  0.0200000  0.980000
174  0.0200000  0.980000
175  0.0200000  0.980000
176  0.0200000  0.980000
177  0.0200000  0.980000
178  0.0200000  0.980000
179  0.0200000  0.980000
180  0.0200000  0.980000
181  0.0200000  0.980000
182  0.0200000  0.980000
183  0.0200000  0.980000
184  0.0200000  0.980000
185  0.0200000  0.980000
186  0.0200000  0.980000
187  0.0200000  0.980000
188  0.0200000  0.980000
189  0.0200000  0.980000
190  0.0200000  0.980000
191  0.0200000  0.980000
192  0.0200000  0.980000
193  0.0200000  0.980000
194  0.0200000  0.980000
195  0.0200000  0.980000
196  0.0200000  0.980000
197  0.0200000  0.980000
198  0.0200000  0.980000
199  0.0200000  0.980000
200  0.0200000  0.980000
201  0.0200000  0.980000
202  0.0200000  0.980000
203  0.0200000  0.980000
204  0.0200000  0.980000
205  0.0200000  0.980000
206  0.0200000  0.980000
207  0.0200000  0.980000
208  0.0200000  0.980000
209  0.0200000  0.980000
210  0.0200000  0.980000
211  0.0200000  0.980000
212  0.0200000  0.980000
213  0.0200000  0.980000
214  0.0200000  0.980000
215  0.0200000  0.980000
216  0.0200000  0.980000
217  0.0200000  0.980000
218  0.0200000  0.980000
219  0.0200000  0.980000
220  0.0200000  0.980000
221  0.0200000  0.980000
222  0.0200000  0.980000
223  0.0200000  0.980000
224  0.0200000  0.980000
225  0.0200000  0.980000
226  0.0200000  0.980000
227  0.0200000  0.980000
228  0.0200000  0.980000
229  0.0200000  0.980000
230  0.0200000  0.980000
231  0.0200000  0.980000
232  0.0200000  0.980000
233  0.0200000  0.980000
234  0.0200000  0.980000
235  0.0200000  0.980000
236  0.0200000  0.980000
237  0.0200000  0.980000
238  0.0200000  0.980000
239  0.0200000  0.980000
240  0.0200000  0.980000
241  0.0200000  0.980000
242  0.0200000  0.980000
243  0.0200000  0.980000
244  0.0200000  0.980000
245  0.0200000  0.980000
246  0.0200000  0.980000
247  0.0200000  0.980000
248  0.0200000  0.980000
249  0.0200000  0.980000
250  0.0200000  0.980000
251  0.0200000  0.980000
252  0.0200000  0.980000
253  0.0200000  0.980000
254  0.0200000  0.980000
255  0.0200000  0.980000
256  0.0200000  0.980000
257  0.0200000  0.980000
258  0.0200000  0.980000
259  0.0200000  0.980000
260  0.0200000  0.980000
261  0.0200000  0.980000
262  0.0200000  0.980000
263  0.0200000  0.980000
264  0.0200000  0.980000
265  0.0200000  0.980000
266  0.0200000  0.980000
267  0.0200000  0.980000
268  0.0200000  0.980000
269  0.0200000  0.980000
270  0.0200000  0.980000
271  0.0200000  0.980000
272  0.0200000  0.980000
273  0.0200000  0.980000
274  0.0200000  0.980000
275  0.0200000  0.980000
276  0.0200000  0.980000
277  0.0200000  0.980000
278  0.0200000  0.980000
279  0.0200000  0.980000
280  0.0200000  0.980000
281  0.0200000  0.980000
282  0.0200000  0.980000
283  0.0200000  0.980000
284  0.0200000  0.980000
285  0.0200000  0.980000
286  0.0200000  0.980000
287  0.0200000  0.980000
288  0.0200000  0.980000
289  0.0200000  0.980000
290  0.0200000  0.980000
291  0.0200000  0.980000
292  0.0200000  0.980000
293  0.0200000  0.980000
294  0.0200000  0.980000
295  0.0200000  0.980000
296  0.0200000  0.980000
297  0.0200000  0.980000
298  0.0200000  0.980000
299  0.0200000  0.980000
300  0.0200000  0.980000
301  0.0200000  0.980000
302  0.0200000  0.980000
303  0.0200000  0.980000
304  0.0200000  0.980000
305  0.0200000  0.980000
306  0.0200000  0.980000
307  0.0200000  0.980000
308  0.0200000  0.980000
309  0.0200000  0.980000
310  0.0200000  0.980000
311  0.0200000  0.980000
312  0.0200000  0.980000
